tau0=[
    11.255
    -51.35
    3470
    -1019
];


idgrey(@findmodelcb,tau0,'c')